{"nbformat":4,"nbformat_minor":0,"metadata":{"colab":{"provenance":[],"authorship_tag":"ABX9TyNjR16sPk1X0XqBo/NFqg3z"},"kernelspec":{"name":"python3","display_name":"Python 3"},"language_info":{"name":"python"}},"cells":[{"cell_type":"code","execution_count":14,"metadata":{"colab":{"base_uri":"https://localhost:8080/"},"id":"B48OVQpYskui","executionInfo":{"status":"ok","timestamp":1753684690125,"user_tz":-180,"elapsed":175,"user":{"displayName":"Moges Tesema","userId":"14633968793904231207"}},"outputId":"c7cb6ed3-ab0b-43ae-e050-27b04197823a"},"outputs":[{"output_type":"stream","name":"stdout","text":["2.18.0\n"]}],"source":["import tensorflow as tf\n","print(tf.__version__)"]},{"cell_type":"code","source":["tensor_one = tf.constant(4)\n","tensor_one\n","tensor_two = tf.constant([2,2,34,4])\n","tensor_two"],"metadata":{"colab":{"base_uri":"https://localhost:8080/"},"id":"R-0WNMsTtBFm","executionInfo":{"status":"ok","timestamp":1753684690157,"user_tz":-180,"elapsed":13,"user":{"displayName":"Moges Tesema","userId":"14633968793904231207"}},"outputId":"5c29e933-c201-424b-9854-9698117ed613"},"execution_count":15,"outputs":[{"output_type":"execute_result","data":{"text/plain":["<tf.Tensor: shape=(4,), dtype=int32, numpy=array([ 2,  2, 34,  4], dtype=int32)>"]},"metadata":{},"execution_count":15}]},{"cell_type":"code","source":["tensor_three = tf.Variable([[2,2,2],\n","                            [2,2,2],\n","                            [2,2,4]])\n","# tensor_three.ndim\n","tensor_four = tf.constant(tensor_three)\n","tensor_four.ndim"],"metadata":{"colab":{"base_uri":"https://localhost:8080/"},"id":"3v_Rzp-XtQpL","executionInfo":{"status":"ok","timestamp":1753686221788,"user_tz":-180,"elapsed":32,"user":{"displayName":"Moges Tesema","userId":"14633968793904231207"}},"outputId":"c875bb67-a83a-493e-f0f6-d8ad36599bcb"},"execution_count":40,"outputs":[{"output_type":"execute_result","data":{"text/plain":["2"]},"metadata":{},"execution_count":40}]},{"cell_type":"code","source":["random_one = tf.random.Generator.from_seed(32)\n","random_one = random_one.uniform(shape = [3,2,2])\n","random_one\n","#Greate things go incredably\n","random_two = tf.random.Generator.from_seed(21).uniform(shape = [4,4],minval = 20, maxval =30)\n","shuffle_random_two = tf.random.shuffle(random_two)\n","random_two, shuffle_random_two, random_two == shuffle_random_two\n"],"metadata":{"colab":{"base_uri":"https://localhost:8080/"},"id":"wXniHvYuxbx8","executionInfo":{"status":"ok","timestamp":1753686283759,"user_tz":-180,"elapsed":33,"user":{"displayName":"Moges Tesema","userId":"14633968793904231207"}},"outputId":"7709195a-ad4c-4545-ba8d-6d819e7faf16"},"execution_count":47,"outputs":[{"output_type":"execute_result","data":{"text/plain":["(<tf.Tensor: shape=(4, 4), dtype=float32, numpy=\n"," array([[24.1687  , 27.472572, 28.982729, 29.517384],\n","        [20.966888, 29.433586, 26.924688, 29.86995 ],\n","        [29.92509 , 22.040176, 22.639889, 27.94028 ],\n","        [27.197464, 24.784569, 22.136604, 27.84128 ]], dtype=float32)>,\n"," <tf.Tensor: shape=(4, 4), dtype=float32, numpy=\n"," array([[20.966888, 29.433586, 26.924688, 29.86995 ],\n","        [29.92509 , 22.040176, 22.639889, 27.94028 ],\n","        [24.1687  , 27.472572, 28.982729, 29.517384],\n","        [27.197464, 24.784569, 22.136604, 27.84128 ]], dtype=float32)>,\n"," <tf.Tensor: shape=(4, 4), dtype=bool, numpy=\n"," array([[False, False, False, False],\n","        [False, False, False, False],\n","        [False, False, False, False],\n","        [ True,  True,  True,  True]])>)"]},"metadata":{},"execution_count":47}]}]}